15
9.00
10.00
-1.00
-1.00
-1.00
-1.00
-1.00
-1.00
-1.00
-1.00
-1.00
-1.00
-1.00
-1.00
1.00
10.00
-1.00
-1.00
-1.00
-1.00
-1.00
-1.00
-1.00
-1.00
-1.00
-1.00
-1.00
9.00
-1.00
-1.00
-1.00
-1.00
-1.00
-1.00
9.00
-1.00
-1.00
-1.00
-1.00
-1.00
3.00
-1.00
-1.00
-1.00
-1.00
-1.00
7.00
-1.00
-1.00
-1.00
9.00
-1.00
-1.00
-1.00
-1.00
-1.00
1.00
5.00
-1.00
-1.00
15.00
-1.00
7.00
11.00
-1.00
-1.00
-1.00
-1.00
-1.00
8.00
-1.00
-1.00
-1.00
-1.00
-1.00
-1.00
5.00
-1.00
-1.00
-1.00
-1.00
11.00
7.00
-1.00
-1.00
-1.00
-1.00
-1.00
-1.00
7.00
-1.00
-1.00
-1.00
-1.00
-1.00
-1.00
-1.00
-1.00
-1.00
-1.00
-1.00
-1.00
-1.00
-1.00
-1.00